26 0.475 0.315 0.070 0.150
26 0.510 0.530 0.100 0.140
26 0.465 0.605 0.190 0.070
26 0.640 0.405 0.120 0.150
26 0.570 0.170 0.160 0.100
26 0.580 0.255 0.080 0.130
26 0.740 0.365 0.180 0.090
26 0.885 0.300 0.150 0.140
26 0.930 0.550 0.100 0.220
26 0.720 0.815 0.120 0.190
26 0.460 0.790 0.140 0.100
26 0.615 0.895 0.110 0.190
26 0.070 0.460 0.140 0.160
26 0.095 0.635 0.110 0.070
26 0.165 0.775 0.150 0.170
26 0.275 0.530 0.110 0.120
26 0.265 0.325 0.130 0.090
26 0.185 0.250 0.090 0.140
26 0.085 0.295 0.150 0.090
26 0.700 0.150 0.080 0.100
26 0.690 0.070 0.080 0.120
26 0.795 0.605 0.110 0.190
26 0.665 0.655 0.170 0.110
