17 0.165 0.155 0.090 0.110
17 0.175 0.280 0.110 0.080
17 0.055 0.340 0.090 0.100
17 0.145 0.415 0.090 0.090
17 0.325 0.210 0.090 0.140
17 0.465 0.285 0.150 0.090
17 0.495 0.175 0.130 0.130
17 0.560 0.220 0.140 0.080
17 0.325 0.325 0.110 0.070
17 0.150 0.505 0.080 0.110
17 0.245 0.520 0.110 0.080
17 0.405 0.415 0.110 0.090
17 0.375 0.485 0.110 0.090
17 0.085 0.110 0.090 0.100
17 0.640 0.425 0.080 0.130
17 0.715 0.485 0.130 0.110
17 0.610 0.525 0.080 0.130
17 0.660 0.615 0.100 0.090
17 0.735 0.640 0.110 0.100
17 0.840 0.640 0.100 0.080
17 0.800 0.745 0.120 0.110
17 0.675 0.765 0.090 0.110
17 0.700 0.945 0.100 0.110
17 0.610 0.940 0.080 0.120
17 0.530 0.900 0.080 0.120
17 0.650 0.850 0.180 0.080
17 0.285 0.860 0.090 0.060
17 0.245 0.935 0.070 0.110
17 0.215 0.845 0.090 0.090
17 0.260 0.785 0.120 0.070
17 0.275 0.655 0.090 0.150
17 0.200 0.630 0.080 0.140
17 0.390 0.695 0.100 0.090
17 0.480 0.575 0.080 0.130
17 0.510 0.655 0.100 0.090
17 0.600 0.685 0.100 0.090
