24 0.125 0.495 0.210 0.150
24 0.215 0.390 0.170 0.180
24 0.250 0.565 0.160 0.190
24 0.240 0.700 0.200 0.120
24 0.335 0.795 0.130 0.150
24 0.365 0.660 0.110 0.140
24 0.450 0.765 0.120 0.150
24 0.475 0.615 0.130 0.190
24 0.595 0.505 0.210 0.130
24 0.440 0.350 0.200 0.140
24 0.425 0.225 0.170 0.150
24 0.270 0.290 0.180 0.140
24 0.645 0.815 0.210 0.190
24 0.740 0.675 0.240 0.170
24 0.875 0.575 0.070 0.110
24 0.845 0.520 0.110 0.060
24 0.945 0.555 0.090 0.090
24 0.760 0.405 0.100 0.150
24 0.825 0.340 0.150 0.120
24 0.700 0.345 0.160 0.090
24 0.710 0.270 0.120 0.140
24 0.730 0.175 0.140 0.090
24 0.625 0.260 0.130 0.140
24 0.880 0.080 0.100 0.160
24 0.910 0.165 0.160 0.110
24 0.775 0.120 0.150 0.140
24 0.205 0.175 0.130 0.150
24 0.220 0.080 0.140 0.080
24 0.095 0.120 0.130 0.100
