11 0.830 0.190 0.080 0.060
11 0.830 0.100 0.100 0.040
11 0.640 0.165 0.080 0.030
11 0.300 0.150 0.060 0.040
11 0.345 0.170 0.070 0.040
11 0.575 0.525 0.090 0.030
11 0.505 0.545 0.070 0.030
11 0.555 0.335 0.050 0.030
11 0.750 0.315 0.080 0.030
11 0.350 0.210 0.080 0.020
11 0.655 0.235 0.050 0.030
11 0.935 0.275 0.050 0.050
11 0.910 0.200 0.060 0.040
11 0.915 0.095 0.050 0.030
11 0.240 0.080 0.040 0.060
11 0.340 0.085 0.060 0.050
11 0.535 0.100 0.050 0.040
11 0.265 0.365 0.070 0.030
11 0.295 0.275 0.070 0.050
11 0.385 0.285 0.070 0.030
11 0.355 0.255 0.070 0.050
11 0.620 0.300 0.060 0.040
11 0.870 0.590 0.120 0.040
11 0.870 0.550 0.080 0.040
11 0.845 0.485 0.090 0.030
11 0.870 0.420 0.100 0.060
11 0.765 0.370 0.070 0.060
11 0.715 0.415 0.090 0.030
11 0.160 0.520 0.040 0.080
11 0.330 0.545 0.120 0.050
11 0.370 0.570 0.100 0.040
11 0.400 0.480 0.100 0.040
11 0.260 0.475 0.120 0.050
11 0.425 0.410 0.050 0.040
11 0.380 0.385 0.040 0.050
11 0.435 0.340 0.070 0.020
11 0.495 0.325 0.050 0.050
11 0.470 0.365 0.060 0.030
11 0.525 0.440 0.090 0.040
11 0.605 0.430 0.070 0.040
11 0.630 0.465 0.080 0.030
11 0.535 0.475 0.110 0.030
