2 0.355 0.530 0.130 0.340
2 0.280 0.160 0.140 0.320
2 0.675 0.160 0.210 0.300
2 0.895 0.195 0.170 0.350
2 0.910 0.665 0.120 0.250
2 0.225 0.475 0.250 0.250
2 0.470 0.830 0.100 0.080
2 0.250 0.820 0.120 0.080
2 0.450 0.960 0.120 0.060
2 0.680 0.920 0.040 0.080
2 0.095 0.850 0.070 0.120
2 0.585 0.885 0.110 0.070
2 0.650 0.755 0.080 0.090
2 0.705 0.770 0.050 0.100
2 0.765 0.755 0.110 0.090
2 0.885 0.820 0.090 0.080
2 0.930 0.900 0.060 0.100
2 0.895 0.955 0.070 0.070
2 0.330 0.900 0.080 0.100
2 0.120 0.725 0.120 0.050
2 0.085 0.270 0.110 0.160
