18 0.290 0.645 0.160 0.150
18 0.450 0.630 0.140 0.100
18 0.345 0.545 0.150 0.110
18 0.175 0.390 0.230 0.120
18 0.445 0.270 0.110 0.120
18 0.485 0.145 0.090 0.170
18 0.635 0.200 0.130 0.140
18 0.555 0.085 0.110 0.110
18 0.805 0.730 0.150 0.260
18 0.925 0.730 0.130 0.260
18 0.905 0.545 0.110 0.130
18 0.875 0.370 0.150 0.100
18 0.740 0.320 0.140 0.080
18 0.605 0.545 0.130 0.070
18 0.515 0.685 0.090 0.190
18 0.480 0.515 0.060 0.110
18 0.540 0.425 0.040 0.130
18 0.250 0.150 0.080 0.100
18 0.265 0.045 0.090 0.090
18 0.055 0.115 0.110 0.090
18 0.030 0.215 0.060 0.110
18 0.125 0.210 0.090 0.120
18 0.170 0.575 0.120 0.110
18 0.060 0.685 0.100 0.130
18 0.700 0.065 0.080 0.110
