17 0.230 0.345 0.100 0.290
17 0.335 0.490 0.170 0.160
17 0.430 0.625 0.100 0.150
17 0.485 0.385 0.070 0.210
17 0.580 0.365 0.080 0.190
17 0.655 0.615 0.130 0.230
17 0.795 0.635 0.230 0.190
17 0.690 0.845 0.120 0.250
17 0.575 0.760 0.090 0.140
17 0.500 0.755 0.060 0.170
17 0.420 0.765 0.120 0.170
17 0.235 0.630 0.110 0.200
17 0.185 0.690 0.070 0.120
17 0.100 0.505 0.100 0.170
17 0.125 0.230 0.130 0.180
17 0.475 0.140 0.170 0.260
17 0.755 0.125 0.170 0.230
17 0.135 0.680 0.090 0.220
17 0.405 0.380 0.130 0.220
17 0.505 0.630 0.050 0.100
