21 0.315 0.200 0.250 0.280
21 0.445 0.590 0.210 0.320
21 0.745 0.680 0.230 0.180
21 0.605 0.430 0.170 0.180
21 0.505 0.130 0.190 0.180
21 0.265 0.400 0.170 0.200
21 0.155 0.235 0.110 0.250
21 0.240 0.665 0.240 0.190
21 0.115 0.825 0.150 0.190
21 0.080 0.625 0.100 0.210
21 0.700 0.315 0.100 0.150
21 0.720 0.490 0.080 0.180
21 0.635 0.105 0.090 0.210
21 0.555 0.285 0.150 0.170
21 0.885 0.305 0.130 0.250
21 0.905 0.140 0.150 0.120
21 0.795 0.175 0.130 0.130
21 0.895 0.675 0.110 0.250
21 0.850 0.850 0.160 0.180
21 0.570 0.780 0.180 0.200
21 0.390 0.820 0.200 0.180
21 0.725 0.880 0.130 0.120
21 0.640 0.930 0.040 0.120
21 0.640 0.810 0.060 0.140
