9 0.635 0.240 0.090 0.100
9 0.380 0.660 0.080 0.140
9 0.710 0.190 0.080 0.120
9 0.070 0.510 0.140 0.260
9 0.110 0.700 0.120 0.120
9 0.130 0.830 0.080 0.140
9 0.185 0.855 0.070 0.170
9 0.270 0.920 0.100 0.140
9 0.375 0.940 0.070 0.100
9 0.740 0.805 0.080 0.110
9 0.850 0.645 0.060 0.110
9 0.655 0.475 0.110 0.150
9 0.680 0.620 0.040 0.080
9 0.565 0.405 0.070 0.070
9 0.800 0.235 0.180 0.130
9 0.715 0.395 0.090 0.170
9 0.600 0.760 0.060 0.060
9 0.445 0.815 0.070 0.070
9 0.525 0.645 0.050 0.070
9 0.310 0.695 0.060 0.110
9 0.220 0.685 0.080 0.130
