11 0.070 0.440 0.120 0.180
11 0.605 0.640 0.110 0.200
11 0.925 0.660 0.110 0.160
11 0.840 0.610 0.060 0.120
11 0.360 0.310 0.100 0.100
11 0.080 0.615 0.080 0.150
11 0.140 0.830 0.100 0.140
11 0.200 0.655 0.060 0.150
11 0.220 0.405 0.100 0.170
11 0.310 0.105 0.180 0.170
11 0.520 0.050 0.200 0.100
11 0.850 0.130 0.160 0.120
11 0.890 0.360 0.180 0.300
11 0.605 0.340 0.170 0.220
11 0.690 0.385 0.080 0.170
11 0.845 0.890 0.110 0.200
11 0.625 0.830 0.190 0.180
11 0.310 0.875 0.180 0.230
11 0.350 0.725 0.120 0.130
11 0.385 0.590 0.110 0.100
11 0.515 0.590 0.110 0.100
11 0.445 0.800 0.090 0.280
