11 0.195 0.200 0.050 0.100
11 0.145 0.280 0.050 0.060
11 0.335 0.720 0.130 0.120
11 0.145 0.770 0.190 0.140
11 0.100 0.605 0.080 0.070
11 0.115 0.490 0.050 0.060
11 0.090 0.555 0.040 0.050
11 0.355 0.500 0.090 0.140
11 0.560 0.065 0.060 0.130
11 0.485 0.510 0.070 0.060
11 0.085 0.390 0.070 0.100
11 0.255 0.560 0.050 0.080
11 0.465 0.685 0.070 0.110
11 0.565 0.360 0.110 0.080
11 0.560 0.295 0.060 0.050
11 0.595 0.190 0.130 0.100
11 0.405 0.275 0.070 0.070
11 0.360 0.320 0.060 0.080
11 0.435 0.345 0.090 0.090
