24 0.295 0.430 0.110 0.200
24 0.240 0.570 0.140 0.160
24 0.750 0.800 0.140 0.200
24 0.705 0.705 0.150 0.110
24 0.795 0.590 0.130 0.120
24 0.800 0.485 0.120 0.130
24 0.730 0.505 0.100 0.170
24 0.855 0.340 0.070 0.140
24 0.425 0.370 0.130 0.180
24 0.530 0.395 0.120 0.190
24 0.620 0.360 0.100 0.140
24 0.585 0.245 0.110 0.150
24 0.875 0.245 0.130 0.130
24 0.915 0.815 0.150 0.310
24 0.665 0.610 0.130 0.160
24 0.545 0.610 0.130 0.100
24 0.730 0.165 0.100 0.130
24 0.550 0.185 0.140 0.130
24 0.485 0.785 0.210 0.310
