2 0.575 0.560 0.050 0.140
2 0.220 0.440 0.060 0.140
2 0.145 0.590 0.050 0.120
2 0.190 0.585 0.040 0.130
2 0.125 0.535 0.110 0.090
2 0.275 0.485 0.110 0.050
2 0.335 0.455 0.030 0.110
2 0.335 0.760 0.070 0.140
2 0.760 0.565 0.100 0.230
2 0.810 0.630 0.060 0.240
2 0.750 0.230 0.080 0.160
2 0.765 0.895 0.050 0.150
2 0.545 0.700 0.050 0.160
2 0.465 0.650 0.070 0.120
2 0.665 0.040 0.110 0.060
2 0.675 0.100 0.090 0.060
2 0.215 0.695 0.070 0.090
2 0.220 0.815 0.060 0.050
2 0.280 0.895 0.040 0.150
2 0.190 0.260 0.060 0.120
2 0.355 0.290 0.030 0.080
2 0.380 0.360 0.080 0.040
2 0.585 0.115 0.050 0.070
2 0.825 0.110 0.070 0.080
2 0.625 0.500 0.110 0.080
2 0.570 0.435 0.040 0.090
2 0.620 0.425 0.080 0.070
2 0.520 0.600 0.040 0.140
2 0.695 0.715 0.070 0.150
2 0.885 0.815 0.150 0.170
2 0.290 0.300 0.060 0.060
2 0.070 0.250 0.040 0.060
