18 0.370 0.450 0.220 0.300
18 0.495 0.350 0.110 0.220
18 0.405 0.690 0.230 0.200
18 0.615 0.510 0.210 0.220
18 0.710 0.275 0.100 0.210
18 0.805 0.315 0.170 0.230
18 0.880 0.520 0.220 0.180
18 0.755 0.750 0.110 0.260
18 0.665 0.710 0.150 0.260
18 0.595 0.835 0.190 0.290
18 0.410 0.890 0.140 0.220
18 0.230 0.235 0.120 0.290
18 0.100 0.390 0.200 0.120
18 0.110 0.485 0.200 0.130
18 0.125 0.890 0.150 0.220
18 0.240 0.575 0.100 0.210
18 0.385 0.255 0.210 0.130
18 0.425 0.285 0.110 0.190
18 0.595 0.355 0.110 0.150
