11 0.705 0.930 0.090 0.120
11 0.610 0.915 0.120 0.170
11 0.245 0.940 0.070 0.120
11 0.525 0.495 0.070 0.170
11 0.465 0.660 0.090 0.100
11 0.105 0.490 0.070 0.080
11 0.165 0.605 0.130 0.150
11 0.585 0.670 0.070 0.080
11 0.655 0.205 0.070 0.210
11 0.765 0.130 0.070 0.200
11 0.865 0.225 0.070 0.190
11 0.955 0.305 0.090 0.130
11 0.870 0.420 0.100 0.200
11 0.760 0.455 0.080 0.130
11 0.725 0.620 0.070 0.180
11 0.665 0.420 0.050 0.120
11 0.590 0.390 0.060 0.240
11 0.465 0.145 0.090 0.210
11 0.365 0.105 0.110 0.190
11 0.180 0.430 0.060 0.120
11 0.320 0.440 0.100 0.180
11 0.395 0.430 0.070 0.180
11 0.420 0.325 0.040 0.230
11 0.455 0.375 0.050 0.190
11 0.430 0.540 0.080 0.160
