11 0.535 0.655 0.150 0.130
11 0.585 0.555 0.050 0.090
11 0.130 0.950 0.040 0.080
11 0.145 0.825 0.050 0.090
11 0.180 0.845 0.040 0.070
11 0.405 0.475 0.050 0.050
11 0.400 0.585 0.060 0.110
11 0.675 0.645 0.090 0.070
11 0.920 0.525 0.140 0.110
11 0.820 0.560 0.060 0.100
11 0.625 0.350 0.050 0.120
11 0.660 0.535 0.060 0.130
11 0.725 0.565 0.050 0.090
11 0.245 0.680 0.050 0.080
11 0.305 0.700 0.070 0.120
11 0.200 0.750 0.040 0.100
11 0.250 0.845 0.040 0.090
11 0.250 0.495 0.060 0.070
11 0.555 0.405 0.070 0.170
11 0.755 0.380 0.050 0.160
11 0.540 0.790 0.140 0.100
11 0.675 0.895 0.110 0.130
11 0.460 0.690 0.060 0.080
11 0.395 0.675 0.070 0.090
11 0.225 0.610 0.070 0.100
11 0.255 0.390 0.070 0.100
11 0.290 0.325 0.080 0.130
11 0.080 0.540 0.120 0.200
11 0.050 0.760 0.100 0.180
11 0.350 0.930 0.160 0.120
11 0.395 0.810 0.150 0.160
11 0.415 0.785 0.070 0.110
