21 0.300 0.670 0.120 0.160
21 0.545 0.695 0.150 0.210
21 0.555 0.520 0.130 0.120
21 0.420 0.430 0.120 0.140
21 0.350 0.430 0.060 0.100
21 0.285 0.425 0.070 0.130
21 0.240 0.545 0.120 0.150
21 0.570 0.410 0.120 0.100
21 0.515 0.330 0.070 0.140
21 0.595 0.320 0.090 0.120
21 0.735 0.330 0.130 0.120
21 0.760 0.415 0.140 0.090
21 0.835 0.355 0.070 0.070
21 0.755 0.560 0.150 0.100
21 0.855 0.570 0.070 0.100
21 0.840 0.690 0.100 0.160
21 0.475 0.835 0.190 0.170
21 0.300 0.835 0.180 0.170
21 0.115 0.690 0.110 0.140
21 0.075 0.570 0.090 0.120
