11 0.855 0.495 0.090 0.090
11 0.685 0.475 0.090 0.090
11 0.620 0.465 0.040 0.090
11 0.255 0.500 0.050 0.120
11 0.330 0.500 0.060 0.080
11 0.415 0.535 0.070 0.070
11 0.475 0.410 0.050 0.100
11 0.540 0.475 0.060 0.070
11 0.120 0.200 0.180 0.260
11 0.280 0.310 0.120 0.180
11 0.895 0.445 0.130 0.270
11 0.910 0.130 0.180 0.260
11 0.660 0.105 0.180 0.210
11 0.290 0.120 0.260 0.240
11 0.325 0.770 0.110 0.160
11 0.140 0.685 0.280 0.250
11 0.665 0.215 0.310 0.170
11 0.705 0.365 0.130 0.190
11 0.840 0.735 0.140 0.290
11 0.745 0.690 0.110 0.280
11 0.485 0.695 0.150 0.190
11 0.405 0.770 0.210 0.300
11 0.575 0.655 0.170 0.270
