11 0.215 0.685 0.050 0.070
11 0.150 0.660 0.080 0.060
11 0.545 0.475 0.030 0.050
11 0.500 0.810 0.060 0.060
11 0.450 0.840 0.020 0.060
11 0.575 0.865 0.050 0.090
11 0.400 0.795 0.060 0.070
11 0.795 0.770 0.070 0.060
11 0.815 0.625 0.070 0.070
11 0.350 0.720 0.060 0.080
11 0.635 0.800 0.050 0.100
11 0.710 0.770 0.060 0.100
11 0.385 0.500 0.030 0.080
11 0.430 0.490 0.040 0.060
11 0.475 0.505 0.030 0.050
11 0.520 0.525 0.040 0.050
11 0.470 0.675 0.040 0.090
11 0.520 0.725 0.060 0.050
11 0.575 0.565 0.070 0.050
