15 0.405 0.480 0.190 0.240
15 0.495 0.610 0.190 0.200
15 0.770 0.710 0.200 0.180
15 0.630 0.735 0.140 0.210
15 0.690 0.600 0.160 0.200
15 0.805 0.335 0.150 0.210
15 0.665 0.360 0.110 0.220
15 0.685 0.500 0.150 0.100
15 0.575 0.355 0.110 0.230
15 0.875 0.155 0.170 0.210
15 0.745 0.185 0.110 0.210
15 0.445 0.275 0.130 0.250
15 0.320 0.290 0.160 0.180
15 0.235 0.520 0.130 0.180
15 0.120 0.535 0.160 0.170
15 0.350 0.785 0.160 0.210
15 0.230 0.675 0.160 0.170
15 0.145 0.765 0.130 0.250
15 0.090 0.425 0.180 0.150
15 0.185 0.275 0.130 0.190
15 0.085 0.225 0.130 0.230
15 0.240 0.160 0.160 0.100
15 0.150 0.105 0.120 0.170
