2 0.155 0.515 0.070 0.110
2 0.230 0.595 0.060 0.110
2 0.310 0.740 0.060 0.120
2 0.520 0.650 0.040 0.080
2 0.525 0.755 0.050 0.110
2 0.715 0.740 0.050 0.120
2 0.785 0.625 0.050 0.090
2 0.585 0.345 0.090 0.050
2 0.490 0.370 0.080 0.080
2 0.480 0.215 0.060 0.070
2 0.275 0.315 0.050 0.070
2 0.330 0.445 0.040 0.070
2 0.690 0.265 0.040 0.110
2 0.645 0.330 0.070 0.100
2 0.665 0.510 0.050 0.080
2 0.540 0.595 0.040 0.090
2 0.550 0.450 0.040 0.080
2 0.425 0.505 0.050 0.070
2 0.385 0.205 0.070 0.070
2 0.780 0.255 0.060 0.070
2 0.695 0.630 0.090 0.060
2 0.225 0.155 0.110 0.050
