11 0.545 0.840 0.110 0.060
11 0.195 0.685 0.170 0.150
11 0.655 0.890 0.110 0.080
11 0.365 0.795 0.050 0.050
11 0.430 0.830 0.040 0.080
11 0.205 0.855 0.070 0.090
11 0.290 0.760 0.040 0.080
11 0.215 0.770 0.070 0.100
11 0.260 0.855 0.060 0.110
11 0.270 0.595 0.120 0.130
11 0.240 0.440 0.100 0.080
11 0.305 0.320 0.070 0.140
11 0.210 0.305 0.100 0.110
11 0.375 0.535 0.070 0.070
11 0.485 0.570 0.070 0.080
11 0.400 0.630 0.060 0.120
11 0.510 0.390 0.060 0.080
11 0.450 0.400 0.040 0.060
11 0.445 0.335 0.090 0.110
11 0.610 0.435 0.060 0.170
11 0.685 0.390 0.070 0.140
11 0.755 0.410 0.110 0.080
11 0.815 0.635 0.090 0.130
11 0.630 0.735 0.100 0.110
11 0.660 0.570 0.100 0.100
11 0.765 0.525 0.070 0.150
