26 0.355 0.550 0.110 0.240
26 0.265 0.490 0.090 0.180
26 0.165 0.615 0.090 0.290
26 0.235 0.380 0.130 0.100
26 0.395 0.390 0.150 0.120
26 0.360 0.315 0.160 0.110
26 0.210 0.315 0.120 0.110
26 0.190 0.245 0.120 0.150
26 0.090 0.555 0.120 0.130
26 0.225 0.900 0.110 0.180
26 0.205 0.775 0.130 0.130
26 0.250 0.685 0.120 0.090
26 0.355 0.905 0.130 0.170
26 0.385 0.790 0.110 0.140
26 0.455 0.810 0.090 0.160
26 0.540 0.900 0.120 0.180
26 0.570 0.645 0.080 0.190
26 0.540 0.715 0.120 0.110
26 0.625 0.615 0.110 0.190
26 0.595 0.470 0.150 0.120
26 0.515 0.365 0.070 0.130
26 0.405 0.390 0.150 0.040
26 0.385 0.105 0.070 0.090
26 0.775 0.725 0.110 0.290
26 0.875 0.470 0.170 0.160
26 0.915 0.615 0.110 0.150
26 0.905 0.335 0.130 0.130
26 0.710 0.400 0.100 0.060
26 0.630 0.315 0.200 0.110
26 0.650 0.175 0.100 0.110
26 0.460 0.205 0.100 0.110
26 0.340 0.255 0.120 0.090
26 0.435 0.565 0.090 0.210
